83.12308548989242
149.52178239235823
234.1942317974918
336.3249917308506
454.9304871439263
588.8684822795294
736.8490810265496
897.44714932463
1069.1160399842236
1250.2024877445197
1438.9625311216614
1633.5783077111926
1832.1755611967508
2032.8416914629702
2233.6441739801176
2432.6491710717546
2627.9401558286872
2817.6363693107965
2999.910933283753
3173.0084440550813
3335.261877971332
3485.1086457671395
3621.1056411540562
3741.943138722987
3846.457407315845
3933.6419173927725
4002.6570344618262
4052.83810521813
4083.7018585185388
4094.951059546924
4086.477372347945
4058.362403161516
4010.876914510108
3944.4782176076424
3859.805768202509
3757.6750082691506
3639.069512856074
3505.1315177204706
3357.15091897345
3196.5528506753717
3024.883960015775
2843.797512255481
2655.0374688783386
2460.4216922888077
2261.8244388032494
2061.1583085370285
1860.3558260198806
1661.3508289282456
1466.059844171313
1276.3636306892033
1094.0890667162455
920.9915559449172
758.7381220286678
608.8913542328603
472.8943588459438
352.0568612770141
247.54259268415595
160.35808260722888
91.34296553817413
41.16189478186938
10.298141481461107
-0.9510595469244877
7.522627652054684
35.63759683848377
